Evaluation Results
=================
Thresholds: [0.1, 0.2, 0.3, 0.4, 0.5]
Precision: [0.17920041062745884, 0.2855963199004552, 0.3811105601556927, 0.4623873232439577, 0.5348461564851829]
Recall: [0.9965240184625904, 0.9866089235853894, 0.9719642144851558, 0.9541569320189185, 0.9301384694284575]
F1-Scores: [0.30167517778210134, 0.43885427939012966, 0.5409206926595456, 0.6141639725622051, 0.6685281703524231]

Class Distribution
=================
toxic: 15294
severe_toxic: 1595
obscene: 8449
threat: 478
insult: 7877
identity_hate: 1405
